place(5.305, 1.000, -19.258, "Soldier", 350)
upgrade(5.305, 2.353, -19.258, 100)
place(8.437, 1.000, -18.571, "Soldier", 350)
upgrade(8.437, 2.353, -18.571, 100)
place(3.745, 1.000, -16.367, "Soldier", 350)
upgrade(3.745, 2.353, -16.367, 100)
place(7.468, 1.000, -15.664, "Freezer", 425)
upgrade(7.468, 2.350, -15.664, 225)
upgrade(7.468, 2.350, -15.664, 650)
place(11.376, 1.000, -15.437, "Commander", 850)
upgrade(11.376, 2.700, -15.437, 300)
upgrade(5.305, 2.353, -19.258, 400)
upgrade(8.437, 2.353, -18.571, 400)
upgrade(3.745, 2.353, -16.367, 400)
place(12.022, 1.000, -18.760, "Soldier", 350)
upgrade(12.022, 2.353, -18.760, 100)
upgrade(12.022, 2.353, -18.760, 400)
place(3.593, 1.000, -13.191, "Soldier", 350)
upgrade(3.593, 2.353, -13.191, 100)
upgrade(3.593, 2.353, -13.191, 400)
place(7.685, 1.000, -12.571, "Soldier", 350)
upgrade(7.685, 2.353, -12.571, 100)
upgrade(7.685, 2.353, -12.571, 400)
upgrade(11.376, 2.700, -15.437, 2500)
place(11.152, 1.000, -12.162, "Soldier", 350)
upgrade(11.152, 2.353, -12.162, 100)
upgrade(11.152, 2.353, -12.162, 400)
place(14.170, 1.000, -13.575, "Soldier", 350)
upgrade(14.170, 2.353, -13.575, 100)
upgrade(14.170, 2.353, -13.575, 400)
place(14.632, 1.000, -16.934, "Soldier", 350)
upgrade(14.632, 2.353, -16.934, 100)
upgrade(14.632, 2.353, -16.934, 400)
place(15.233, 1.000, -20.150, "Soldier", 350)
upgrade(15.233, 2.353, -20.150, 100)
upgrade(15.233, 2.353, -20.150, 400)
place(12.619, 1.000, -22.612, "Soldier", 350)
upgrade(12.619, 2.353, -22.612, 100)
upgrade(12.619, 2.353, -22.612, 400)
place(9.315, 1.000, -21.946, "Soldier", 350)
upgrade(9.315, 2.353, -21.946, 100)
upgrade(9.315, 2.353, -21.946, 400)
place(6.368, 1.000, -23.568, "Soldier", 350)
upgrade(6.368, 2.353, -23.568, 100)
upgrade(6.368, 2.353, -23.568, 400)
place(17.714, 1.000, -15.479, "Commander", 850)
upgrade(17.714, 2.700, -15.479, 300)
upgrade(17.714, 2.700, -15.479, 2500)
upgrade(7.468, 2.350, -15.664, 2000)
upgrade(7.468, 2.350, -15.664, 4500)
upgrade(6.368, 2.353, -23.568, 1500)
upgrade(9.315, 2.353, -21.946, 1500)
upgrade(12.619, 2.353, -22.612, 1500)
upgrade(15.233, 2.353, -20.150, 1500)
upgrade(14.632, 2.353, -16.934, 1500)
upgrade(12.022, 2.353, -18.760, 1500)
upgrade(8.437, 2.353, -18.571, 1500)
upgrade(5.305, 2.353, -19.258, 1500)
upgrade(11.376, 2.700, -15.437, 5500)
upgrade(3.745, 2.353, -16.367, 1500)
upgrade(14.170, 2.353, -13.575, 1500)
upgrade(11.152, 2.353, -12.162, 1500)
upgrade(7.685, 2.353, -12.571, 1500)
upgrade(3.593, 2.353, -13.191, 1500)
